400.02	4.682	7.496	4.428	9.701	7.876
400.38	5	7.532	4.637	9.757	8.272
400.74	5.026	7.385	4.728	9.735	8.454
401.09	5	7.299	5.015	9.99	8.705
401.45	4.771	7.085	4.983	10.124	8.765
401.81	4.823	7.21	4.948	10.435	8.916
402.17	4.737	7.196	4.794	10.512	8.921
402.53	4.834	7.321	4.782	10.624	9.016
402.89	4.737	7.363	4.528	10.657	8.954
403.25	4.789	7.643	4.593	11.013	9.016
403.61	4.637	7.741	4.639	11.201	8.899
403.96	4.678	7.977	4.693	11.479	8.972
404.32	4.593	8.074	4.539	11.546	8.976
404.68	4.678	8.243	4.726	11.735	9.227
405.04	4.548	8.208	4.805	11.612	9.299
405.4	4.645	8.255	4.937	11.913	9.561
405.76	4.615	8.163	4.917	12.257	9.654
406.11	4.667	8.143	4.993	12.702	9.861
406.47	4.626	7.974	4.872	12.924	9.887
406.83	4.811	7.943	4.893	13.357	10.083
407.19	4.771	7.83	4.939	13.701	10.054
407.55	4.911	7.966	5.093	14.224	10.305
407.9	4.971	7.996	5.094	14.635	10.365
408.26	5.178	8.132	5.282	15.224	10.516
408.62	5.115	8.074	5.294	15.546	10.41
408.98	5.145	8.243	5.348	15.924	10.572
409.34	5.048	8.23	5.361	16.079	10.61
409.69	5.089	8.332	5.582	16.257	10.816
410.05	4.971	8.219	5.55	16.235	10.832
410.41	5.1	8.299	5.582	16.379	11.116
410.77	4.937	8.208	5.539	16.324	11.165
411.13	4.911	8.232	5.582	16.379	11.383
411.48	4.837	8.152	5.494	16.368	11.665
411.84	4.867	8.355	5.593	16.557	11.972
412.2	4.715	8.352	5.594	16.535	12.01
412.56	4.823	8.532	5.737	16.824	12.338
412.91	4.859	8.519	5.705	17.146	12.576
413.27	5.056	8.721	5.848	17.702	12.838
413.63	5.004	8.763	5.761	18.024	12.81
413.99	5.189	8.932	5.859	18.568	13.005
414.34	5.248	8.93	5.794	18.801	12.887
414.7	5.456	9.021	5.793	19.157	12.727
415.06	5.537	8.996	5.572	19.446	12.687
415.42	5.723	9.066	5.593	19.835	12.894
415.77	5.671	8.963	5.417	19.912	12.721
416.13	5.756	9.055	5.437	20.068	12.783
416.49	5.671	9.03	5.383	20.101	12.887
416.84	5.734	9.01	5.57	20.29	13.138
417.2	5.671	8.908	5.561	20.257	13.076
417.56	5.767	9.043	5.726	20.568	13.383
417.91	5.626	9.196	5.872	20.768	13.565
418.27	5.578	9.355	6.126	20.957	13.749
418.63	5.515	9.241	6.128	21.124	13.787
418.99	5.711	9.232	6.326	21.457	14.194
419.34	5.704	9.241	6.305	21.701	14.265
419.7	5.8	9.466	6.359	22.146	14.349
420.06	5.859	9.608	6.317	22.379	14.299
420.41	6.123	9.755	6.37	22.668	14.527
420.77	6.171	9.63	6.261	22.768	14.454
421.13	6.378	9.599	6.27	23.09	14.638
421.48	6.459	9.485	6.317	23.29	14.654
421.84	6.5	9.666	6.526	23.579	14.805
422.2	6.348	9.796	6.539	23.846	14.799
422.55	6.345	9.966	6.737	24.202	14.938
422.91	6.159	9.896	6.761	24.335	15.021
423.27	6.245	9.955	6.915	24.713	15.338
423.62	6.182	9.919	6.961	25.057	15.465
423.98	6.178	10.099	7.137	25.502	15.649
424.33	6.026	10.108	6.983	25.779	15.632
424.69	6.111	10.266	7.004	26.279	15.861
425.05	6.093	10.33	7.083	26.579	15.899
425.4	6.2	10.51	7.237	26.757	16.061
425.76	6.182	10.574	7.139	26.857	16.132
426.12	6.356	10.743	7.37	27.179	16.316
426.47	6.248	10.652	7.405	27.279	16.354
426.83	6.289	10.699	7.537	27.602	16.527
427.18	6.293	10.663	7.561	27.912	16.632
427.54	6.311	10.666	7.848	28.213	16.794
427.9	6.093	10.563	7.894	28.246	16.832
428.25	6.111	10.577	7.959	28.591	17.083
428.61	6.037	10.474	8.028	28.957	16.921
428.96	5.989	10.455	8.215	29.435	16.949
429.32	5.904	10.385	8.05	29.79	16.876
429.67	6.011	10.566	8.037	30.357	16.972
430.03	5.882	10.585	7.95	30.635	16.776
430.39	5.978	10.743	7.915	31.079	16.861
430.74	6.048	10.919	7.85	31.557	16.965
431.1	6.389	11.288	8.015	32.113	17.238
431.45	6.571	11.541	7.928	32.546	17.287
431.81	6.767	11.81	7.97	33.19	17.705
432.16	6.937	11.841	8.05	33.579	17.954
432.52	7.089	12.021	8.315	34.024	18.305
432.87	6.982	12.008	8.439	34.446	18.521
433.23	7.111	12.132	8.748	35.157	19.005
433.59	6.971	12.108	8.928	35.635	19.276
433.94	7.056	12.143	9.159	36.279	19.649
434.3	6.959	11.885	9.194	36.924	19.765
434.65	7.067	11.799	9.459	37.646	20.016
435.01	6.959	11.763	9.417	38.201	20.043
435.36	6.978	11.921	9.526	39.19	20.272
435.72	6.948	11.919	9.583	39.912	20.332
436.07	7.089	12.121	9.77	40.69	20.494
436.43	7.082	12.219	9.683	41.379	20.599
436.78	7.311	12.41	9.859	42.246	20.838
437.14	7.359	12.452	10.028	42.846	20.832
437.49	7.567	12.688	10.304	43.613	21.083
437.85	7.515	12.752	10.372	44.324	21.176
438.2	7.589	12.832	10.737	45.079	21.549
438.56	7.548	12.796	10.761	45.512	21.721
438.91	7.689	12.799	10.982	46.335	22.172
439.27	7.759	12.819	11.217	47.046	22.376
439.62	7.778	13.077	11.604	47.824	22.683
439.97	7.682	13.13	11.728	48.601	22.832
440.33	7.711	13.288	11.87	49.646	23.216
440.68	7.437	13.496	11.905	50.657	23.343
441.04	7.456	13.843	12.082	51.79	23.649
441.39	7.526	14.085	12.05	52.857	23.787
441.75	7.778	14.432	12.337	54.057	24.172
442.1	7.826	14.685	12.283	54.935	24.243
442.46	7.923	14.899	12.248	56.035	24.505
442.81	8.004	14.919	12.35	56.935	24.676
443.16	8.189	15.155	12.593	57.746	25.027
443.52	8.204	15.241	12.628	58.435	25.221
443.87	8.434	15.321	12.87	59.313	25.461
444.23	8.393	15.308	13.05	59.946	25.476
444.58	8.489	15.343	13.404	60.735	25.594
444.94	8.337	15.319	13.539	61.524	25.521
445.29	8.4	15.532	13.937	62.635	25.661
445.64	8.304	15.652	14.028	63.479	25.665
446	8.378	15.766	14.026	64.513	25.905
446.35	8.371	15.73	13.883	65.546	26.032
446.71	8.467	15.943	13.948	66.613	26.272
447.06	8.426	15.952	13.805	67.457	26.465
447.41	8.656	15.955	13.882	68.468	26.849
447.77	8.659	15.874	13.85	69.201	27.054
448.12	8.811	15.943	13.859	70.046	27.394
448.47	8.748	15.841	13.661	70.868	27.532
448.83	8.756	15.921	13.815	71.79	27.927
449.18	8.648	15.952	13.861	72.457	27.987
449.53	8.589	16.221	14.082	73.257	28.172
449.89	8.515	16.263	14.205	73.879	28.143
450.24	8.6	16.443	14.448	74.535	28.283
450.6	8.515	16.519	14.317	75.124	28.365
450.95	8.678	16.743	14.459	76.157	28.694
451.3	8.659	16.885	14.683	77.001	28.654
451.66	8.723	17.155	14.993	77.724	28.783
452.01	8.904	17.219	15.139	78.424	28.699
452.36	9.2	17.443	15.437	79.357	28.894
452.72	9.326	17.408	15.65	80.09	28.887
453.07	9.567	17.532	15.948	81.057	29.094
453.42	9.626	17.574	16.183	81.879	29.187
453.77	9.734	17.821	16.682	82.702	29.349
454.13	9.637	17.885	16.817	83.146	29.276
454.48	9.711	18.055	17.015	83.802	29.494
454.83	9.615	18.085	17.105	84.212	29.521
455.19	9.589	18.277	17.259	84.724	29.694
455.54	9.437	18.285	17.25	85.268	29.732
455.89	9.5	18.466	17.426	86.09	29.905
456.25	9.259	18.496	17.405	86.712	29.887
456.6	9.267	18.721	17.493	87.535	30.094
456.95	9.215	18.796	17.528	88.357	30.232
457.3	9.356	19.11	17.826	89.368	30.449
457.66	9.437	19.274	17.961	90.235	30.465
458.01	9.745	19.51	18.215	91.479	30.749
458.36	9.826	19.596	18.405	92.457	30.887
458.71	10.034	19.899	18.715	93.335	31.072
459.07	10.059	20.085	18.794	94.09	31.132
459.42	10.211	20.455	19.159	94.979	31.405
459.77	10.193	20.719	19.45	95.657	31.387
460.12	10.289	21.077	19.837	96.513	31.483
460.48	10.137	21.196	19.983	97.368	31.599
460.83	10.089	21.421	20.27	98.268	31.905
461.18	9.915	21.585	20.483	99.057	31.954
461.53	9.889	21.877	20.87	100.246	32.249
461.89	9.748	22.085	21.294	101.312	32.321
462.24	9.678	22.388	21.848	102.235	32.549
462.59	9.582	22.396	22.194	103.135	32.732
462.94	9.711	22.432	22.626	104.29	33.105
463.29	9.771	22.43	22.805	105.146	33.243
463.65	10.067	22.677	23.137	106.09	33.405
464	10.148	22.808	23.383	106.835	33.432
464.35	10.334	23.055	23.859	107.446	33.749
464.7	10.437	23.141	24.039	107.846	33.921
465.05	10.7	23.255	24.326	108.646	34.361
465.41	10.782	23.341	24.628	109.501	34.576
465.76	11.045	23.832	25.059	110.602	34.794
466.11	11.115	24.23	25.405	111.512	34.91
466.46	11.3	24.71	26.104	112.635	35.294
466.81	11.271	25.063	26.639	113.568	35.499
467.16	11.378	25.677	27.248	114.835	35.883
467.52	11.415	26.163	27.761	116.324	36.154
467.87	11.634	26.777	28.526	118.113	36.472
468.22	11.615	27.352	28.961	119.735	36.587
468.57	11.9	27.955	29.459	121.524	36.938
468.92	11.982	28.252	29.983	122.89	37.265
469.27	12.223	28.743	30.493	124.391	37.638
469.63	12.271	29.196	30.65	126.068	37.799
469.98	12.4	29.777	31.193	128.024	38.272
470.33	12.459	30.141	31.661	129.668	38.632
470.68	12.667	30.643	32.248	131.302	39.138
471.03	12.671	31.152	32.794	132.701	39.599
471.38	12.8	31.721	33.682	134.102	40.227
471.73	12.793	32.185	34.328	135.39	40.643
472.08	12.923	32.843	35.026	137.135	41.172
472.43	12.837	33.363	35.872	138.901	41.487
472.79	12.856	33.943	36.97	140.624	42.138
473.14	12.937	34.43	37.728	142.279	42.554
473.49	13.211	35.177	38.693	144.324	43.194
473.84	13.315	35.896	39.65	146.412	43.543
474.19	13.534	36.81	40.748	148.735	44.016
474.54	13.637	37.608	41.783	151.079	44.332
474.89	13.823	38.577	43.07	153.49	44.838
475.24	14.004	39.43	44.194	155.657	45.232
475.59	14.323	40.499	45.393	158.19	45.905
475.94	14.459	41.519	46.605	160.612	46.399
476.29	14.667	42.688	48.148	163.235	47.194
476.64	14.737	43.63	49.561	165.701	47.787
476.99	14.956	44.743	50.993	168.457	48.483
477.35	15.015	45.719	52.25	171.135	48.999
477.7	15.345	46.866	53.57	173.902	49.649
478.05	15.626	47.941	54.95	176.79	50.287
478.4	16.023	49.255	56.737	180.057	51.116
478.75	16.226	50.463	58.305	182.946	51.721
479.1	16.723	51.843	60.004	185.957	52.383
479.45	16.971	53.041	61.561	188.768	52.899
479.8	17.211	54.555	63.326	192.057	53.649
480.15	17.415	56.13	65.117	195.346	54.399
480.5	17.889	57.955	67.259	198.835	55.394
480.85	18.137	59.808	69.505	202.257	56.41
481.2	18.445	61.732	71.848	205.79	57.561
481.55	18.537	63.585	73.939	209.157	58.376
481.9	18.711	65.632	76.404	212.646	59.461
482.25	18.682	67.585	78.75	215.912	60.399
482.6	18.945	69.721	81.293	219.446	61.438
482.95	19.159	71.808	83.905	222.79	62.21
483.3	19.478	74.01	86.57	226.113	63.038
483.65	19.615	76.119	89.105	229.412	63.721
484	19.867	78.499	91.826	232.991	64.538
484.35	19.982	80.974	94.505	236.424	65.154
484.7	20.323	83.677	97.426	239.968	66.027
485.05	20.693	86.352	100.317	243.546	66.821
485.4	21.145	89.277	103.582	247.402	67.872
485.75	21.337	92.174	106.75	251.035	68.665
486.1	21.645	95.132	109.915	254.679	69.583
486.44	21.682	97.908	113.05	257.89	70.443
486.79	21.945	100.943	116.515	261.113	71.327
487.14	22.093	103.941	119.95	264.39	72.054
487.49	22.456	107.277	123.593	267.824	72.994
487.84	22.626	110.541	127.139	270.946	73.887
488.19	22.978	113.988	130.859	274.146	74.938
488.54	23.193	117.285	134.517	277.29	75.776
488.89	23.678	120.999	138.559	280.602	76.727
489.24	24.082	124.852	142.517	283.824	77.543
489.59	24.667	128.932	146.693	287.513	78.594
489.94	24.926	132.863	150.628	290.901	79.51
490.29	25.289	137.01	154.726	294.002	80.372
490.64	25.471	141.008	158.783	296.757	80.999
490.98	25.834	145.232	163.015	299.624	81.872
491.33	26.037	149.563	166.928	302.124	82.532
491.68	26.423	154.388	170.948	304.657	83.327
492.03	26.571	159.03	174.805	307.112	83.976
492.38	26.645	163.766	179.004	309.413	84.738
492.73	26.637	168.585	183.183	311.09	85.31
493.08	26.889	173.666	187.615	312.746	86.305
493.43	27.159	178.608	191.672	314.224	87.099
493.77	27.556	183.81	195.782	315.991	87.894
494.12	27.715	189.063	199.839	317.846	88.287
494.47	27.967	194.377	204.304	319.835	88.861
494.82	28.093	199.596	208.572	321.401	89.154
495.17	28.445	205.232	212.848	322.713	89.627
495.52	28.882	210.796	216.817	323.857	89.987
495.87	29.378	216.543	220.893	325.035	90.461
496.21	29.637	222.119	224.783	325.901	90.454
496.56	30	227.899	228.815	326.924	90.738
496.91	30.204	233.641	232.75	327.601	91.065
497.26	30.578	239.566	236.737	328.102	91.538
497.61	30.726	245.441	240.394	328.257	91.787
497.95	31.034	251.521	244.326	328.59	92.261
498.3	31.137	257.43	248.228	328.623	92.643
498.65	31.378	263.588	252.282	328.613	93.183
499	31.393	269.541	256.083	328.579	93.543
499.35	31.511	275.888	259.993	328.591	94.038
499.7	31.415	282.341	263.683	328.19	94.332
500.04	31.567	289.088	267.415	327.924	94.794
500.39	31.537	295.608	271.028	327.301	95.087
500.74	31.7	302.499	274.859	326.879	95.361
501.09	31.748	309.319	278.372	326.312	95.454
501.43	31.911	316.166	281.893	326.046	95.638
501.78	31.882	322.785	285.317	325.412	95.643
502.13	32.145	329.788	288.704	324.735	95.705
502.48	32.337	336.741	291.783	323.846	95.554
502.82	32.556	343.632	295.126	323.013	95.616
503.17	32.515	350.308	298.217	321.724	95.41
503.52	32.645	357.355	301.27	320.546	95.383
503.87	32.571	364.174	304.139	319.224	95.243
504.21	32.567	371.188	307.115	317.813	95.305
504.56	32.504	378.174	309.872	316.235	95.143
504.91	32.634	385.288	312.659	314.846	95.094
505.26	32.604	392.163	315.439	313.224	94.765
505.6	32.678	399.299	318.359	311.802	94.594
505.95	32.659	406.452	321.028	310.279	94.232
506.3	32.823	413.777	323.782	308.802	94.116
506.65	32.815	420.819	326.483	307.112	93.821
506.99	33.034	427.755	329.382	305.324	93.727
507.34	33.137	434.296	331.894	303.324	93.41
507.69	33.323	441.188	334.482	301.257	93.149
508.03	33.293	447.963	336.805	299.101	92.665
508.38	33.356	454.743	338.915	297.135	92.472
508.73	33.193	461.285	340.683	294.624	92.132
509.07	33.323	467.899	342.604	292.057	91.938
509.42	33.393	474.363	344.428	289.346	91.465
509.77	33.489	481.055	346.293	286.746	90.938
510.12	33.415	487.841	347.694	284.068	90.287
510.46	33.6	495.043	349.415	281.646	89.861
510.81	33.537	501.974	350.983	278.968	89.454
511.16	33.545	509.388	352.77	276.335	89.138
511.5	33.504	516.919	354.494	273.568	88.51
511.85	33.734	524.466	356.448	271.357	88.205
512.19	33.704	532.074	358.405	268.979	87.821
512.54	33.667	540.077	360.493	266.968	87.461
512.89	33.559	548.252	362.339	264.968	87.043
513.23	33.545	556.843	364.504	262.957	86.838
513.58	33.293	565.419	366.383	260.779	86.465
513.93	33.434	574.588	368.437	258.857	86.227
514.27	33.571	583.785	370.494	256.89	85.932
514.62	33.667	593.455	372.926	255.179	86.016
514.97	33.648	603.43	375.405	253.29	85.81
515.31	33.867	613.799	378.07	251.779	85.705
515.66	33.926	624.03	380.494	249.935	85.41
516	34.223	634.321	382.97	248.235	85.338
516.35	34.482	644.73	385.239	246.712	84.899
516.7	34.778	655.532	387.959	245.268	84.583
517.04	34.804	666.085	390.617	243.69	84.121
517.39	34.945	676.732	393.115	242.313	83.883
517.73	35.082	687.141	395.461	240.724	83.421
518.08	35.323	697.555	397.97	239.09	83.116
518.43	35.337	707.719	400.094	237.112	82.732
518.77	35.567	718.21	402.515	235.346	82.638
519.12	35.548	729.041	404.75	233.301	82.232
519.46	35.623	739.799	407.026	231.235	82.038
519.81	35.504	749.985	408.928	229.035	81.676
520.15	35.523	760.032	410.615	226.935	81.405
520.5	35.426	769.963	411.794	224.512	80.876
520.84	35.511	779.855	412.804	222.224	80.394
521.19	35.404	789.341	413.305	219.812	79.876
521.54	35.4	798.977	413.893	217.768	79.305
521.88	35.282	808.374	414.05	215.579	78.61
522.23	35.345	817.366	414.426	213.379	78.249
522.57	35.159	825.985	414.528	210.879	77.765
522.92	35.356	835.088	414.459	208.568	77.372
523.26	35.404	844.374	414.383	206.057	76.732
523.61	35.478	853.621	414.815	203.657	76.383
523.95	35.326	862.652	415.172	200.968	75.987
524.3	35.378	872.132	415.615	198.602	75.727
524.64	35.359	881.485	415.728	196.057	75.299
524.99	35.323	890.855	416.026	193.446	74.883
525.33	35.171	900.219	416.128	190.746	74.321
525.68	35.234	909.921	416.282	188.179	73.972
526.02	35.059	919.263	416.283	185.512	73.343
526.37	35.045	928.732	416.193	183.157	73.016
526.71	34.971	938.552	415.861	180.824	72.499
527.06	35.145	949.321	415.67	178.646	72.049
527.4	35.137	960.33	415.339	176.268	71.243
527.75	35.323	971.699	415.137	174.057	70.783
528.09	35.426	983.463	415.061	171.979	70.299
528.44	35.745	996.099	415.404	170.257	70.105
528.78	35.848	1009.04	415.828	168.69	69.71
529.12	36.078	1022.98	416.67	167.235	69.538
529.47	36.059	1037.56	417.805	165.535	69.243
529.81	36.167	1052.6	419.082	164.046	69.149
530.16	36.071	1067.67	420.361	162.59	69.132
530.5	36.3	1083.6	422.07	161.491	69.338
530.85	36.337	1100.31	423.928	160.257	69.232
531.19	36.556	1117.75	425.97	159.224	69.561
531.53	36.493	1135.46	427.772	158.212	69.754
531.88	36.789	1154.21	429.748	157.29	70.094
532.22	37.015	1173.23	431.517	156.335	70.432
532.57	37.5	1192.75	433.437	155.768	70.983
532.91	37.826	1213.03	435.672	154.957	71.365
533.26	38.378	1234.03	438.048	154.335	71.683
533.6	38.593	1255.15	440.428	153.646	71.943
533.94	38.9	1276.9	443.282	153.157	72.549
534.29	39.171	1298.74	445.972	152.557	72.887
534.63	39.734	1321.18	448.87	152.102	73.272
534.98	40.115	1343.66	451.683	151.501	73.51
535.32	40.534	1366.43	454.782	150.868	73.983
535.66	40.804	1389.88	457.85	150.068	74.343
536.01	41.267	1413.61	460.993	149.757	74.916
536.35	41.593	1437.3	464.017	149.368	75.387
536.69	42.223	1461.27	466.982	149.002	75.949
537.04	42.771	1484.98	469.539	148.601	76.387
537.38	43.278	1509.32	472.193	148.413	77.072
537.72	43.559	1533.53	474.583	147.957	77.454
538.07	44	1557.59	477.037	147.768	78.049
538.41	44.271	1581.67	479.494	147.612	78.421
538.75	44.656	1605.63	481.982	147.513	78.861
539.1	44.848	1629.14	483.928	147.012	79.021
539.44	45.134	1652.92	485.948	146.668	79.461
539.78	45.215	1676.41	487.761	146.101	79.832
540.13	45.5	1699.43	489.47	145.568	80.261
540.47	45.804	1721.57	490.839	144.879	80.51
540.81	46.289	1743.34	492.393	144.379	81.161
541.16	46.582	1764.58	493.55	143.59	81.699
541.5	47.078	1785.45	494.448	143.035	82.449
541.84	47.426	1805.31	494.872	142.379	83.132
542.19	47.967	1824.84	495.304	141.757	83.938
542.53	48.404	1843.73	495.261	140.812	84.476
542.87	49	1862.46	495.215	140.135	85.161
543.21	49.348	1880.95	494.85	139.135	85.665
543.56	49.789	1898.8	494.493	138.257	86.216
543.9	50.059	1916.18	493.917	137.412	86.51
544.24	50.445	1933.55	493.582	136.702	87.049
544.59	50.726	1949.98	492.661	135.523	87.432
544.93	51.167	1966.07	491.659	134.413	87.805
545.27	51.482	1981.74	490.561	133.301	88.043
545.61	51.823	1997.07	489.582	132.379	88.505
545.96	52.059	2011.46	488.339	131.212	88.787
546.3	52.611	2025.52	487.259	130.446	89.416
546.64	53.004	2039.38	485.739	129.446	89.665
546.98	53.467	2052.89	483.904	128.335	89.972
547.33	53.771	2066.14	481.628	127.124	90.01
547.67	54.234	2079.65	479.648	126.124	90.227
548.01	54.571	2092.17	477.439	124.968	90.31
548.35	55	2104.1	475.193	123.935	90.605
548.69	55.282	2115.68	472.828	122.79	90.765
549.04	55.711	2127.41	470.226	121.768	91.127
549.38	55.893	2138.81	467.25	120.479	91.032
549.72	56.256	2149.98	464.937	119.457	91.172
550.06	56.459	2160.19	462.539	118.335	91.287
550.41	56.867	2169.64	460.148	117.279	91.572
550.75	57.159	2178.46	457.439	116.224	91.576
551.09	57.556	2187.72	454.826	115.446	91.838
551.43	57.859	2196.84	451.95	114.412	91.932
551.77	58.478	2205.2	448.948	113.524	92.216
552.11	58.793	2212.86	445.905	112.501	92.276
552.46	59.189	2220.23	442.948	111.568	92.438
552.8	59.404	2227.37	439.428	110.512	92.432
553.14	59.923	2234.78	436.082	109.568	92.483
553.48	60.315	2242.12	432.617	108.435	92.343
553.82	60.8	2249.84	429.293	107.413	92.383
554.16	61.237	2257.85	425.583	106.212	92.11
554.51	61.789	2265.89	421.893	105.213	91.916
554.85	62.059	2273.88	418.305	103.968	91.432
555.19	62.5	2281.57	414.982	103.013	91.261
555.53	62.937	2288.62	411.494	102.046	91.087
555.87	63.545	2295.53	408.104	101.046	91.149
556.21	63.948	2302.35	404.594	99.868	91.221
556.55	64.389	2308.99	401.526	99.035	91.438
556.89	64.726	2314.93	398.417	98.224	91.221
557.24	65.167	2320.18	395.548	97.49	91.227
557.58	65.571	2324.66	392.717	96.724	91.154
557.92	66.223	2329.01	389.782	96.302	91.372
558.26	66.715	2333.47	386.339	95.568	91.232
558.6	67.3	2338.29	383.082	94.935	91.183
558.94	67.737	2342.81	379.617	94.19	90.887
559.28	68.3	2347.38	376.159	93.513	90.683
559.62	68.782	2351.23	372.361	92.601	90.343
559.96	69.389	2354.13	368.693	91.89	90.305
560.3	69.648	2356.67	365.105	91.012	90.054
560.65	70	2359.29	361.615	90.068	89.972
560.99	70.193	2361.15	357.983	88.857	89.654
561.33	70.656	2362.42	354.748	87.957	89.394
561.67	70.859	2363.07	351.372	86.912	88.999
562.01	71.156	2363.23	347.926	86.135	88.905
562.35	71.326	2362.27	344.217	85.335	88.665
562.69	71.711	2360.52	340.515	84.69	88.594
563.03	71.948	2357.79	336.417	83.668	88.443
563.37	72.389	2353.78	332.148	82.902	88.461
563.71	72.504	2347.91	327.461	82.068	88.11
564.05	72.634	2340.09	322.637	81.424	87.727
564.39	72.559	2330.07	317.417	80.457	87.287
564.73	72.556	2318.09	312.115	79.557	86.961
565.07	72.493	2303.22	306.694	78.312	86.321
565.41	72.467	2285.65	301.082	77.19	85.716
565.75	72.026	2265.54	295.028	75.946	84.743
566.09	71.556	2242.89	288.97	74.768	83.805
566.43	70.948	2217.05	282.505	73.146	82.532
566.77	70.478	2188.58	276.048	71.724	81.705
567.11	69.848	2157.65	269.405	70.101	80.687
567.45	69.256	2124.67	262.748	68.546	79.583
567.79	68.326	2088.71	255.639	66.824	78.176
568.13	67.334	2050.73	248.337	65.268	77.016
568.47	66.282	2010.92	240.839	63.535	75.465
568.81	65.523	1970.11	233.526	61.857	74.038
569.15	64.582	1928.84	226.15	60.157	72.399
569.49	63.734	1887.12	219.059	58.668	71.105
569.83	62.726	1844.64	211.872	56.99	69.399
570.17	61.834	1802.44	204.926	55.568	67.861
570.51	60.659	1759.93	197.983	54.012	66.465
570.85	59.778	1718.37	191.304	52.557	65.349
571.19	58.826	1678.2	184.783	50.946	63.999
571.53	58.023	1639.67	178.837	49.624	62.894
571.87	56.959	1601.82	172.772	48.212	61.665
572.21	56.123	1564.97	166.993	46.946	60.705
572.54	55.215	1529.86	161.328	45.646	59.61
572.88	54.489	1497.61	156.004	44.613	58.772
573.22	53.748	1468	150.75	43.457	57.732
573.56	53.311	1441.19	146.037	42.657	56.849
573.9	52.859	1416.57	141.65	41.779	55.999
574.24	52.645	1394.97	137.782	41.102	55.405
574.58	52.348	1376.12	134.028	40.324	54.843
574.92	52.256	1360.71	130.859	39.779	54.661
575.26	52.082	1348.6	127.817	39.124	54.432
575.6	52.267	1339.09	125.226	38.813	54.361
575.94	52.404	1331.55	122.861	38.401	54.165
576.27	52.556	1325.9	121.026	38.079	54.349
576.61	52.726	1321.94	119.283	37.601	54.399
576.95	53.145	1319.92	117.848	37.49	54.594
577.29	53.593	1318.47	116.383	37.39	54.587
577.63	54.234	1317.15	115.07	37.379	54.872
577.97	54.871	1315.6	113.594	37.268	54.921
578.31	55.711	1313.87	112.404	37.335	55.116
578.64	56.337	1311.93	111.139	37.157	55.11
578.98	57.211	1309.42	109.915	37.124	55.305
579.32	58.037	1305.38	108.483	36.979	55.432
579.66	58.945	1300.57	106.959	36.768	55.661
580	59.637	1294.6	105.183	36.212	55.576
580.34	60.356	1287.6	103.426	35.946	55.549
580.67	60.771	1279.62	101.517	35.612	55.221
581.01	61.211	1271.12	99.748	35.39	55.227
581.35	61.459	1261.32	97.828	34.99	55.165
581.69	62.011	1250.94	96.093	34.735	55.205
582.03	62.415	1240.11	94.294	34.179	55.021
582.37	63.067	1229.4	92.537	33.802	54.916
582.7	63.659	1218.26	90.694	33.579	54.687
583.04	64.545	1207.07	89.015	33.602	54.572
583.38	65.271	1195.94	87.205	33.312	54.41
583.72	66.378	1185.43	85.593	33.235	54.483
584.06	67.537	1175.3	83.905	32.957	54.387
584.39	69.1	1166.4	82.337	32.746	54.261
584.73	70.515	1157.95	80.494	32.412	54.021
585.07	72.2	1150.78	78.904	32.502	54.038
585.41	73.871	1144.96	77.261	32.368	53.965
585.74	75.945	1140.5	75.837	32.168	54.161
586.08	78.137	1137.57	74.494	31.946	54.443
586.42	80.723	1136.53	73.537	31.879	54.983
586.76	83.226	1137.25	72.472	31.524	55.41
587.09	86.1	1140.01	71.704	31.502	55.938
587.43	89.204	1144.44	70.939	31.524	56.376
587.77	92.823	1151.55	70.493	31.668	57.227
588.11	96.637	1160.46	69.994	31.668	58.043
588.44	100.856	1171.29	69.948	31.924	59.083
588.78	105.215	1184.06	69.839	32.124	59.932
589.12	109.956	1198.83	69.826	32.468	61.027
589.45	114.893	1215.22	69.717	32.79	62.054
589.79	120.611	1233.42	69.948	33.324	63.249
590.13	126.682	1253.22	70.061	33.612	64.31
590.47	133.134	1274.74	70.348	34.113	65.749
590.8	139.682	1297.28	70.494	34.535	67.099
591.14	146.767	1320.98	70.87	34.979	68.605
591.48	154.204	1345.08	71.072	35.29	69.932
591.81	162.311	1369.99	71.504	36.002	71.383
592.15	170.771	1395.9	71.817	36.535	72.565
592.49	179.867	1422.89	72.359	37.135	74.027
592.82	189.026	1450.21	72.75	37.535	75.587
593.16	198.656	1477.5	73.293	38.124	77.338
593.5	208.393	1504.26	73.694	38.535	78.843
593.83	218.745	1531.11	74.315	39.279	80.483
594.17	229.359	1557.98	74.772	39.868	82.032
594.51	240.489	1585.57	75.204	40.579	83.827
594.84	251.759	1613.55	75.55	41.035	85.61
595.18	263.567	1640.96	76.115	41.679	87.649
595.52	275.804	1667.32	76.35	42.146	89.376
595.85	288.689	1693.61	76.693	42.879	90.994
596.19	301.793	1719.98	76.928	43.579	92.465
596.53	315.556	1746.69	77.47	44.357	94.161
596.86	329.504	1773.06	77.794	44.657	95.621
597.2	344.023	1799.78	78.204	45.324	97.227
597.53	359.093	1826.24	78.65	45.968	98.643
597.87	374.723	1852.04	79.182	46.657	100.316
598.21	390.448	1877.45	79.505	47.146	101.81
598.54	406.323	1903.48	79.993	47.791	103.561
598.88	422.659	1929.18	80.35	48.235	105.187
599.21	439.756	1954.67	80.782	48.746	106.961
599.55	456.971	1979.53	80.928	49.168	108.51
599.89	474.856	2004.09	81.226	49.846	110.305
600.22	492.915	2027.71	81.25	50.201	111.799
600.56	511.111	2050.18	81.382	50.635	113.394
600.89	529.437	2071.76	81.394	50.935	114.743
601.23	548.556	2093.93	81.615	51.335	116.416
601.56	568.171	2115.56	81.628	51.69	117.776
601.9	587.878	2136.06	81.793	52.235	119.149
602.24	607.504	2155.85	81.85	52.435	120.332
602.57	627.689	2175.98	81.959	52.779	121.738
602.91	647.704	2195.12	82.017	53.101	122.976
603.24	668.056	2213.08	82.404	53.602	124.427
603.58	688.737	2231.06	82.483	53.89	125.71
603.91	709.723	2249.67	82.637	54.457	127.138
604.25	730.182	2267.03	82.605	54.89	128.199
604.58	750.7	2283.7	82.748	55.279	129.394
604.92	771.426	2299.82	82.55	55.457	130.476
605.25	792.545	2315.33	82.548	55.979	131.783
605.59	813.604	2330.35	82.505	56.324	132.899
605.92	834.889	2345.74	82.382	56.802	133.905
606.26	855.959	2361.21	81.95	57.112	134.521
606.59	876.845	2376.2	81.859	57.535	135.361
606.93	897.493	2389.94	81.739	57.646	136.01
607.26	918.411	2403	81.637	57.902	136.816
607.6	939.237	2415.86	81.339	58.135	137.465
607.93	960.356	2429.25	81.348	58.479	138.383
608.27	981.371	2442.41	81.294	58.735	139.032
608.6	1002.68	2455.09	81.426	59.224	139.894
608.94	1023.87	2466.82	81.405	59.468	140.632
609.27	1044.53	2477.85	81.57	59.768	141.627
609.61	1064.89	2489.07	81.372	60.079	142.354
609.94	1086.02	2501.44	81.248	60.624	143.294
610.28	1107.3	2514.24	81.072	61.024	144.054
610.61	1128.58	2526.89	81.148	61.524	145.105
610.95	1149.27	2539.35	81.25	61.868	145.91
611.28	1170.13	2552.2	81.393	62.235	146.838
611.61	1190.21	2564.7	81.161	62.357	147.543
611.95	1210.03	2577.44	81.215	62.568	148.483
612.28	1230.57	2591.12	81.228	62.668	149.276
612.62	1251.68	2604.75	81.604	62.946	150.249
612.95	1271.4	2616.86	81.739	63.124	151.076
613.29	1290.88	2628.73	81.959	63.368	152.049
613.62	1309.85	2640.11	81.894	63.457	152.543
613.95	1328.56	2651.58	81.848	63.835	153.161
614.29	1346.55	2662.57	81.605	63.979	153.754
614.62	1364.32	2673.31	81.648	64.268	154.472
614.96	1381.59	2683.53	81.505	64.579	155.032
615.29	1397.97	2692.35	81.404	65.19	155.894
615.62	1413.63	2701.16	81.083	65.457	156.676
615.96	1429.72	2710.9	80.959	65.757	157.427
616.29	1444.94	2719.41	80.761	66.057	157.921
616.62	1459.41	2726.95	80.937	66.491	158.838
616.96	1473.18	2733.38	80.894	66.624	159.799
617.29	1486.74	2739.73	81.082	67.057	160.905
617.63	1499.89	2745.41	81.161	67.412	161.765
617.96	1512.76	2750.55	81.337	67.635	162.627
618.29	1525.01	2755.61	81.35	67.535	163.11
618.63	1536.69	2759.91	81.493	67.724	163.638
618.96	1547.41	2763.27	81.517	67.824	163.987
619.29	1557.98	2766.69	81.626	68.068	164.649
619.63	1568.55	2770.35	81.461	68.212	165.187
619.96	1578.98	2774.02	81.37	68.424	165.638
620.29	1588.4	2776.67	80.928	68.401	165.71
620.63	1597.37	2778.9	80.582	68.535	165.927
620.96	1605.45	2780.77	80.217	68.701	166.01
621.29	1612.96	2783.07	80.015	69.068	166.249
621.62	1619.85	2784.69	79.583	69.224	166.376
621.96	1626.56	2785.29	79.326	69.59	166.749
622.29	1632.44	2785.34	78.928	69.657	166.832
622.62	1638.14	2785.27	78.726	69.857	166.961
622.96	1643.35	2784.62	78.339	70.057	166.999
623.29	1648.31	2784.23	78.282	70.391	167.172
623.62	1652.98	2783.51	78.183	70.446	167.232
623.96	1657.7	2781.94	78.248	70.813	167.516
624.29	1662.33	2779.83	78.161	71.101	167.765
624.62	1666.9	2778.09	78.159	71.424	168.094
624.95	1670.97	2776.87	77.994	71.457	168.232
625.29	1674.94	2776.04	78.048	71.779	168.605
625.62	1678.46	2774.83	77.783	71.901	168.81
625.95	1681.78	2773.81	77.715	72.168	169.116
626.28	1684.83	2772.41	77.494	72.39	169.31
626.62	1687.9	2771.59	77.359	72.957	169.716
626.95	1690.89	2771.32	76.983	73.101	170.054
627.28	1694.21	2771.14	76.77	73.368	170.472
627.61	1697.57	2770.85	76.55	73.612	170.621
627.94	1701.07	2770.44	76.404	73.924	170.883
628.28	1704.49	2769.53	76.017	74.012	171.087
628.61	1707.7	2768.5	75.904	74.446	171.627
628.94	1711.05	2767.95	75.728	74.712	171.921
629.27	1714.48	2767.77	75.637	75.102	172.438
629.61	1717.46	2767.25	75.394	75.301	172.832
629.94	1720.6	2767.41	75.337	75.69	173.449
630.27	1723.2	2767.08	75.105	75.779	173.965
630.6	1725.61	2766.8	74.959	76.068	174.849
630.93	1727.83	2766.91	74.761	76.368	175.576
631.26	1730.43	2767.37	74.826	76.813	176.227
631.6	1733.06	2767.85	74.672	76.979	176.543
631.93	1735.38	2767.91	74.504	77.413	177.105
632.26	1737.55	2767.67	74.183	77.579	177.532
632.59	1740.09	2767.69	74.104	77.713	178.061
632.92	1742.15	2767.77	74.039	77.824	178.432
633.25	1744.17	2768.61	74.315	78.324	178.949
633.59	1745.88	2769	74.405	78.479	179.176
633.92	1747.7	2769.11	74.437	78.868	179.749
634.25	1749.24	2769.33	74.172	79.312	180.476
634.58	1750.71	2769.79	74.082	79.924	181.283
634.91	1752.1	2770.7	74.072	80.224	181.899
635.24	1753.8	2772.25	74.27	80.835	182.572
635.57	1755	2773.26	74.083	81.379	183.243
635.91	1756.36	2773.37	73.826	81.891	183.894
636.24	1757.89	2773.08	73.305	82.224	184.41
636.57	1759.63	2773.42	73.104	82.835	185.238
636.9	1761.35	2773.5	72.883	83.101	185.754
637.23	1762.84	2773.28	72.982	83.335	186.227
637.56	1764.18	2772.95	73.061	83.39	186.499
637.89	1765.29	2772.04	73.126	83.624	187.016
638.22	1765.73	2770.27	72.983	83.657	187.421
638.55	1766.59	2769.83	73.126	83.913	187.794
638.88	1767.69	2770.27	73.183	84.212	188.11
639.22	1768.96	2770.67	73.348	84.579	188.727
639.55	1769.81	2770.56	73.228	84.912	189.154
639.88	1770.56	2770.91	73.248	85.502	189.872
640.21	1771.29	2771.58	72.983	85.879	190.521
640.54	1772.2	2772.53	72.826	86.546	191.472
640.87	1773.5	2773.72	72.605	87.146	192.199
641.2	1774.98	2774.9	72.648	87.79	193.227
641.53	1775.76	2775.22	72.483	88.224	194.11
641.86	1776.48	2775.51	72.482	88.768	195.027
642.19	1776.66	2775.86	72.405	89.101	195.554
642.52	1777.16	2776.42	72.482	89.502	196.216
642.85	1777.35	2776.01	72.361	89.835	196.632
643.18	1777.6	2775.13	72.515	90.346	197.072
643.51	1777.51	2773.77	72.339	90.424	197.376
643.84	1776.86	2772.2	72.304	90.557	197.916
644.17	1776.26	2770.73	72.094	90.757	198.254
644.5	1776.2	2769.28	72.104	91.079	198.816
644.83	1775.66	2767.16	71.861	91.146	199.21
645.16	1775.76	2765.2	71.715	91.502	199.761
645.49	1775.76	2762.79	71.417	91.501	200.087
645.82	1775.48	2760.75	71.27	91.457	200.438
646.15	1774.99	2759.46	70.861	91.479	200.787
646.48	1774.47	2758.28	70.77	91.89	201.294
646.81	1773.91	2756.37	70.55	92.168	201.699
647.14	1773.4	2754.4	70.47	92.557	202.238
647.47	1772.26	2751.91	70.272	92.835	202.454
647.8	1771.29	2749.47	70.17	93.279	202.983
648.13	1769.64	2747.05	69.95	93.401	203.354
648.46	1767.76	2744.89	69.904	93.946	203.861
648.79	1765.91	2742.06	69.928	94.479	204.321
649.12	1764.22	2738.82	70.148	94.891	204.872
649.45	1763.09	2736.4	70.239	95.157	205.265
649.78	1762.14	2734.83	70.448	95.635	205.772
650.11	1760.47	2732.4	70.361	95.868	205.999
650.43	1759.04	2730.2	70.226	96.157	206.538
650.76	1757.33	2728.31	70.005	96.335	206.854
651.09	1755.84	2725.85	70.026	96.679	207.438
651.42	1754.57	2722.96	70.005	96.768	207.899
651.75	1753.34	2720.87	69.904	97.013	208.461
652.08	1751.58	2718.47	69.605	97.112	208.788
652.41	1749.44	2715.05	69.493	97.179	209.183
652.74	1747.17	2710.95	69.305	97.068	209.332
653.07	1745.38	2707.53	69.382	97.202	209.594
653.4	1743.21	2703.98	69.417	97.201	209.61
653.73	1741.28	2700.77	69.626	97.313	209.749
654.05	1739.23	2697.87	69.617	97.357	209.743
654.38	1736.62	2694.75	69.67	97.524	209.905
654.71	1733.53	2691.13	69.694	97.424	209.821
655.04	1730.73	2687.92	69.993	97.713	209.838
655.37	1727.77	2684.92	69.95	97.79	209.754
655.7	1725.32	2682.04	69.87	97.946	209.816
656.03	1722.87	2678.75	69.594	97.946	209.721
656.35	1720.14	2675.33	69.548	98.235	209.894
656.68	1716.99	2671.27	69.405	98.224	210.099
657.01	1713.77	2666.97	69.359	98.29	210.372
657.34	1711.05	2663.36	69.183	98.268	210.421
657.67	1708.93	2660.12	69.115	98.446	210.538
658	1706.56	2656.08	68.794	98.235	210.61
658.32	1703.66	2651.63	68.726	98.202	210.849
658.65	1700.08	2647.31	68.583	98.079	210.943
658.98	1696.86	2643.63	68.604	97.957	211.294
659.31	1694.56	2640.15	68.372	97.601	211.365
659.64	1692.72	2636.68	68.359	97.59	211.438
659.96	1690.33	2632.44	68.239	97.479	211.299
660.29	1687.83	2628.08	68.337	97.468	211.349
660.62	1685.13	2623.42	68.339	97.19	211.31
660.95	1682.51	2619.03	68.526	97.035	211.494
661.28	1680.34	2615.22	68.461	96.879	211.432
661.6	1678.2	2611.41	68.593	96.946	211.494
661.93	1675.1	2607.22	68.583	96.879	211.343
662.26	1671.72	2602.84	68.859	96.857	211.316
662.59	1668.2	2598.01	68.894	96.646	211.099
662.91	1665.24	2594.27	69.082	96.513	211.072
663.24	1661.65	2590.57	69.005	96.079	210.932
663.57	1657.84	2586.81	69.015	95.991	210.905
663.9	1654.15	2582.92	68.828	95.879	210.565
664.22	1650.68	2578.6	68.904	95.824	210.383
664.55	1647.29	2574.04	68.772	95.424	209.987
664.88	1644	2569.13	68.804	95.19	209.716
665.21	1639.88	2563.51	68.594	94.768	209.276
665.53	1636.33	2558.8	68.582	94.49	209.038
665.86	1633.24	2553.83	68.383	94.079	208.676
666.19	1630.11	2547.85	68.404	93.913	208.361
666.52	1626.66	2541.31	68.239	93.368	208.021
666.84	1623.19	2535.37	68.248	92.857	207.872
667.17	1619.1	2529.52	68.205	92.312	207.387
667.5	1614.83	2523.49	68.348	91.891	207.027
667.82	1610.71	2517.06	68.405	91.224	206.454
668.15	1606.89	2510.68	68.604	90.857	206.005
668.48	1602.21	2503.29	68.683	90.379	205.221
668.8	1597.14	2495.78	68.982	89.991	204.527
669.13	1592.36	2489.35	69.083	89.512	203.765
669.46	1588.19	2484.29	69.359	89.235	203.194
669.78	1583.55	2478.38	69.528	88.835	202.332
670.11	1579.23	2472.1	69.704	88.413	201.761
670.44	1575.07	2466.11	69.772	87.935	201.132
670.76	1571.54	2461.27	69.982	87.657	200.761
671.09	1568.57	2457.26	70.028	87.168	200.132
671.42	1565.67	2453.52	70.093	86.913	199.694
671.74	1562.23	2449.65	69.994	86.468	199.154
672.07	1558.4	2445.09	70.093	85.924	198.672
672.4	1553.88	2438.95	70.15	85.301	197.865
672.72	1550.12	2433.42	70.259	84.913	197.294
673.05	1546.1	2428.3	70.25	84.346	196.543
673.37	1542.1	2422.95	70.582	83.968	195.883
673.7	1537.55	2416.85	70.717	83.468	195.043
674.03	1532.82	2410.08	70.948	83.146	194.361
674.35	1528.49	2403.17	71.061	82.446	193.443
674.68	1524.29	2396.11	71.27	81.902	192.738
675	1519.97	2389.06	71.305	81.412	191.832
675.33	1516.1	2383.04	71.382	81.068	191.127
675.66	1511.43	2376.07	71.305	80.468	190.199
675.98	1506.77	2368.42	71.426	80.102	189.494
676.31	1501.97	2360.92	71.161	79.524	188.665
676.63	1497.2	2354.03	71.026	79.079	187.983
676.96	1492.14	2347.19	70.883	78.524	187.199
677.28	1486.79	2340.23	70.959	78.146	186.494
677.61	1481.61	2333.21	70.961	77.579	185.443
677.94	1476.79	2326.28	71.093	77.091	184.549
678.26	1471.47	2318.84	71.083	76.412	183.354
678.59	1465.98	2311.43	71.204	75.924	182.294
678.91	1460.5	2304.67	71.094	75.379	181.01
679.24	1455.5	2298.11	71.17	74.946	179.961
679.56	1450.31	2290.34	71.061	74.301	178.621
679.89	1444.81	2282.2	71.093	73.735	177.416
680.21	1438.94	2274.38	70.928	73.168	176.254
680.54	1433.18	2267.09	70.737	72.824	175.438
680.86	1427.19	2259.37	70.394	72.268	174.432
681.19	1421.79	2251.92	70.359	71.868	173.727
681.51	1416.41	2245.06	70.372	71.212	172.899
681.84	1411.38	2237.74	70.582	70.624	172.127
682.16	1406.44	2230.12	70.65	69.99	171.143
682.49	1401.66	2223.64	70.959	69.668	170.349
682.81	1396.87	2217.74	70.961	69.112	169.421
683.14	1392.41	2211.85	71.159	68.613	168.649
683.46	1388.03	2205.95	71.394	68.068	167.61
683.79	1383.89	2200.33	71.859	67.89	166.749
684.11	1379.79	2194.77	71.85	67.524	165.687
684.44	1376.82	2189.55	71.793	67.413	164.794
684.76	1373.53	2184.3	71.583	67.046	163.876
685.09	1369.43	2178.98	71.626	66.846	163.116
685.41	1365.33	2173.78	71.528	66.524	162.376
685.74	1362.26	2169.48	71.682	66.435	162.049
686.06	1359.46	2165.11	71.572	66.124	161.576
686.38	1356.9	2160.71	71.604	65.935	161.105
686.71	1354.29	2156.72	71.494	65.601	160.543
687.03	1351.59	2153.35	71.782	65.502	160.338
687.36	1348.54	2150.3	71.95	65.235	160.076
687.68	1345.99	2147.69	72.304	65.19	159.938
688.01	1343.79	2145.53	72.45	64.935	159.499
688.33	1342.13	2143.95	72.748	64.79	159.194
688.65	1340.66	2142.3	72.872	64.59	158.576
688.98	1339.19	2141.08	73.215	64.624	158.227
689.3	1337.08	2139.57	73.294	64.535	157.776
689.63	1335.99	2138.54	73.437	64.624	157.694
689.95	1335.28	2137.61	73.505	64.49	157.443
690.27	1334.41	2136.44	73.826	64.413	157.327
690.6	1333.39	2135.48	73.983	64.179	157.043
690.92	1332.64	2134.51	74.204	64.202	156.961
691.24	1331.84	2133.03	74.228	64.057	156.676
691.57	1330.78	2132.31	74.426	63.891	156.649
691.89	1329.49	2131.87	74.561	63.612	156.421
692.22	1328.59	2131.69	74.926	63.446	156.527
692.54	1327.1	2131.2	75.072	63.001	156.21
692.86	1325.7	2130.71	75.226	62.857	155.905
693.19	1324.09	2129.67	75.261	62.779	155.499
693.51	1322.4	2128.25	75.526	62.868	155.383
693.83	1320.88	2126.91	75.639	62.712	155.199
694.16	1319.73	2125.81	75.926	62.746	155.149
694.48	1317.99	2123.45	76.105	62.757	154.91
694.8	1316.37	2120.91	76.282	62.902	154.761
695.13	1314.9	2118.47	76.239	62.99	154.432
695.45	1313.51	2116.11	76.459	63.268	154.383
695.77	1311.97	2113.82	76.65	63.224	154.188
696.09	1310.5	2112.3	76.937	63.202	154.005
696.42	1308.77	2110.53	76.939	63.157	153.499
696.74	1307.09	2108.7	77.126	63.291	153.349
697.06	1305.16	2106.85	77.172	63.235	153.176
697.39	1303.83	2105.53	77.348	63.402	153.216
697.71	1302.28	2103.84	77.383	63.446	153.121
698.03	1300.52	2101.92	77.47	63.479	153.149
698.35	1298.49	2099.84	77.439	63.346	152.987
698.68	1296.36	2097.12	77.437	63.435	153.072
699	1294.63	2093.65	77.283	63.412	152.954
699.32	1293.47	2091.11	77.337	63.446	153.061
699.64	1291.56	2088.78	77.183	63.246	152.787
699.97	1289.28	2086.09	77.159	63.213	152.749
